1920
1921
1921
1922
1923
1924
1925
1925
1925
1925
1926
1926
1927
1927
1928
1928
1928
1928
1929
1929
1929
1930
1931
1932
1933
1934
1934
1935
1935
1936
1936
1936
1936
1936
1936
1938
1938
1938
1939
1939
1940
1940
1940
1943
1943
1944
1945
1948
1948
1948
1948
1948
1949
1949
1949
1949
1950
1950
1950
1951
1951
1952
1952
1952
1953
1954
1954
1955
1955
1956
1956
1956
1956
1956
1957
1958
1958
1961
1961
1961
1964
1964
1964
1965
1965
1969
1969
1970
1971
1971
1971
1971
1972
1972
1973
1974
1975
1975
1975
1975
1976
1978
1978
1979
1979
1979
1980
1980
1980
1980
1981
1982
1983
1984
1984
1986
1988
1988
1988
1991
1992
1993
1993
1994
1994
1994
1994
1995
1995
1995
1996
1996
1996
1997
1997
1997
1997
1998
1998
1998
1998
1999
2000
2000
2000
2001
2001
2001
2002
2002
2021
